4.520230000000000103e+01 -1.239671500000000037e+02
4.520057166666666859e+01 -1.239784716666666640e+02
4.519941666666666436e+01 -1.239860333333333386e+02
4.519937500000000341e+01 -1.239862700000000046e+02
4.519869666666666319e+01 -1.239900733333333278e+02
4.519538500000000170e+01 -1.240101133333333365e+02
4.519275166666666621e+01 -1.240278616666666665e+02
4.519267333333333170e+01 -1.240291066666666637e+02
4.519267333333333170e+01 -1.240291066666666637e+02
4.519268999999999892e+01 -1.240294483333333346e+02
4.519305500000000109e+01 -1.240366716666666633e+02
4.519514999999999816e+01 -1.240478066666666734e+02
4.519569166666666860e+01 -1.240572233333333401e+02
4.519617833333333579e+01 -1.240656766666666613e+02
4.519717666666666389e+01 -1.240991633333333368e+02
4.519570999999999827e+01 -1.241289249999999953e+02
4.519270499999999657e+01 -1.241899466666666711e+02
4.519467333333333414e+01 -1.242204316666666699e+02
4.520250166666667013e+01 -1.242539483333333266e+02
4.520751500000000078e+01 -1.242727116666666660e+02
4.521006500000000017e+01 -1.242822533333333297e+02
4.521430166666666395e+01 -1.243014833333333371e+02
4.521898999999999802e+01 -1.243314016666666646e+02
4.522143833333333163e+01 -1.243527333333333331e+02
4.523344333333333367e+01 -1.244085483333333286e+02
4.523995166666666989e+01 -1.244522950000000066e+02
4.526432833333333150e+01 -1.245680883333333355e+02
4.527378166666666459e+01 -1.246130116666666652e+02
4.527931333333333441e+01 -1.246352883333333352e+02
4.528053333333333086e+01 -1.246550616666666684e+02
4.527799833333333623e+01 -1.246752833333333399e+02
4.527185500000000218e+01 -1.246940833333333387e+02
4.526101500000000044e+01 -1.247183416666666602e+02
4.525365500000000196e+01 -1.247315666666666658e+02
4.524293666666666525e+01 -1.247498833333333295e+02
4.524254833333333181e+01 -1.247506316666666635e+02
4.524240999999999957e+01 -1.247510183333333345e+02